n = 2000, simulation time = 9.03206 seconds
n = 2000, absmin = 0.778948, absavg = 0.959160
