CPU-GPU copy time = 7.1e-05 seconds
n = 2000, simulation time = 1.27856 seconds
n = 2000, absmin = 0.808045, absavg = 0.952093
